Figure9_Xray_Radio_phasespace/data/stars.ecsv
# %ECSV 1.0
# ---
# datatype:
# - {name: Name, datatype: string}
# - {name: radio, unit: kpc2 mJy, datatype: float64}
# - {name: xray, unit: erg / s, datatype: float64}
# meta: !!omap
# - {comments: 'Both the radio and X-ray luminosities have a factor of 4pi in them, the luminosities quoted are flux times 4pi distance^2'}
# schema: astropy-2.0
Name radio xray
[from data line 816]
"SRSC DR1 00095" 0.0761835410405822 8.337348334294624e+30
"SRSC DR1 00095" 0.3101758456652275 8.337348334294624e+30
"SRSC DR1 00095" 0.44295287433595654 8.337348334294624e+30
"SRSC DR1 00095" 0.2807907655495744 8.337348334294624e+30
"SRSC DR1 00095" 0.5844365934113235 8.337348334294624e+30
"SRSC DR1 00095" 0.1686921265898606 8.337348334294624e+30
"SRSC DR1 00095" 0.4353345202318982 8.337348334294624e+30
"SRSC DR1 00095" 0.312352518266387 8.337348334294624e+30
"SRSC DR1 00095" 0.37438768739943246 8.337348334294624e+30
"SRSC DR1 00095" 0.30255749156116934 8.337348334294624e+30
"SRSC DR1 00064" 0.005658095283926393 8.784487687138655e+27
"SRSC DR1 00064" 0.0021132645036351584 8.784487687138655e+27
"SRSC DR1 00064" 0.0010566322518175792 8.784487687138655e+27
"SRSC DR1 00064" 0.0008862076950728084 8.784487687138655e+27
"SRSC DR1 00064" 0.0016360757447498 8.784487687138655e+27
"SRSC DR1 00064" 0.0029994721987079676 8.784487687138655e+27
"SRSC DR1 00052" 0.007813620588006073 3.8851856629233325e+28
"SRSC DR1 00041" 0.8071819872791445 1.658332381817861e+31
"SRSC DR1 00041" 1.7758003720141178 1.658332381817861e+31
"SRSC DR1 00041" 0.7533698547938682 1.658332381817861e+31
"SRSC DR1 00041" 1.094180027200618 1.658332381817861e+31
"SRSC DR1 00041" 0.8592003820149116 1.658332381817861e+31
"SRSC DR1 00041" 0.2690606624263815 1.658332381817861e+31
"SRSC DR1 00041" 1.614363974558289 1.658332381817861e+31
"SRSC DR1 00041" 0.37309745189791566 1.658332381817861e+31
"SRSC DR1 00041" 2.0807357894306833 1.658332381817861e+31
"SRSC DR1 00041" 0.855612906515893 1.658332381817861e+31
"SRSC DR1 00041" 0.9973181887271205 1.658332381817861e+31
"SRSC DR1 00041" 0.6062833593341129 1.658332381817861e+31
"SRSC DR1 00041" 0.4179408956356459 1.658332381817861e+31
"SRSC DR1 00041" 0.6170457858311682 1.658332381817861e+31
"SRSC DR1 00041" 0.3892410916434985 1.658332381817861e+31
"SRSC DR1 00041" 0.8430567422693287 1.658332381817861e+31
"SRSC DR1 00041" 0.43767201088024715 1.658332381817861e+31
"SRSC DR1 00041" 0.41255968238711827 1.658332381817861e+31
"SRSC DR1 00041" 0.9148062522496969 1.658332381817861e+31
"SRSC DR1 00041" 1.434990199607368 1.658332381817861e+31
"SRSC DR1 00041" 0.5022465698625788 1.658332381817861e+31
"SRSC DR1 00041" 0.4304970598822104 1.658332381817861e+31
"SRSC DR1 00041" 1.5605518420730125 1.658332381817861e+31
"SRSC DR1 00041" 1.4708649545975518 1.658332381817861e+31
"SRSC DR1 00041" 1.0583052722104338 1.658332381817861e+31
"SRSC DR1 00041" 1.1479921596858944 1.658332381817861e+31
"SRSC DR1 00041" 0.5237714228566893 1.658332381817861e+31
"SRSC DR1 00041" 0.2977604664185288 1.658332381817861e+31
"SRSC DR1 00041" 0.30493541741656566 1.658332381817861e+31
"SRSC DR1 00101" 0.016227529647318568 1.648691257402008e+29
"SRSC DR1 00101" 0.0077273950701516984 1.648691257402008e+29
"SRSC DR1 00101" 0.003090958028060679 1.648691257402008e+29
"SRSC DR1 00101" 0.007379662291994871 1.648691257402008e+29
"SRSC DR1 00101" 0.011281996802421479 1.648691257402008e+29
"SRSC DR1 00101" 0.010238798467951 1.648691257402008e+29
"SRSC DR1 00101" 0.005409176549106188 1.648691257402008e+29
"SRSC DR1 00101" 0.012750201865750302 1.648691257402008e+29
"SRSC DR1 00101" 0.01700026915433374 1.648691257402008e+29
"SRSC DR1 00101" 0.010818353098212377 1.648691257402008e+29
"SRSC DR1 00101" 0.04945532844897087 1.648691257402008e+29
"SRSC DR1 00101" 0.053705395737554305 1.648691257402008e+29
"SRSC DR1 00101" 0.015068420386795811 1.648691257402008e+29
"SRSC DR1 00150" 0.04367445918053839 1.0867070751269012e+29
"SRSC DR1 00150" 0.02926188765096072 1.0867070751269012e+29
"SRSC DR1 00018" 0.02275277790688072 5.018562497252576e+28
"SRSC DR1 00018" 0.026544907558027506 5.018562497252576e+28
"SRSC DR1 00085" 0.017800276776308813 1.15086564413992e+28
"SRSC DR1 00174" 0.0489913572311606 1.430082688652816e+28
"SRSC DR1 00174" 0.005599012254989782 1.430082688652816e+28
"SRSC DR1 00174" 0.010288185018543726 1.430082688652816e+28
"SRSC DR1 00174" 0.005249073989052921 1.430082688652816e+28
"SRSC DR1 00029" 0.5299566494626096 4.9700205218150147e+30
"SRSC DR1 00029" 0.41432974412531287 4.9700205218150147e+30
"SRSC DR1 00029" 0.18982083626206195 4.9700205218150147e+30
"SRSC DR1 00029" 0.35651629145666464 4.9700205218150147e+30
"SRSC DR1 00029" 0.3382086981115926 4.9700205218150147e+30
"SRSC DR1 00029" 0.9828286953670212 4.9700205218150147e+30
"SRSC DR1 00029" 0.16958612782803503 4.9700205218150147e+30
"SRSC DR1 00029" 0.23125381067459325 4.9700205218150147e+30
"SRSC DR1 00029" 0.3950585932357634 4.9700205218150147e+30
"SRSC DR1 00029" 0.6176403860100594 4.9700205218150147e+30
"SRSC DR1 00029" 0.257269864375485 4.9700205218150147e+30
"SRSC DR1 00029" 0.17344035800594493 4.9700205218150147e+30
"SRSC DR1 00029" 1.2429892323759386 4.9700205218150147e+30
"SRSC DR1 00029" 1.0599132989252191 4.9700205218150147e+30
"SRSC DR1 00029" 1.0406421480356696 4.9700205218150147e+30
"SRSC DR1 00029" 0.41432974412531287 4.9700205218150147e+30
"SRSC DR1 00029" 0.8382950636954004 4.9700205218150147e+30
"SRSC DR1 00029" 0.36615186690143925 4.9700205218150147e+30
"SRSC DR1 00029" 0.4547991609933667 4.9700205218150147e+30
"SRSC DR1 00029" 0.3276095651223404 4.9700205218150147e+30
"SRSC DR1 00029" 0.2023470843402691 4.9700205218150147e+30
"SRSC DR1 00029" 0.19271150889549438 4.9700205218150147e+30
"SRSC DR1 00029" 0.2697961124536921 4.9700205218150147e+30
"SRSC DR1 00029" 0.2697961124536921 4.9700205218150147e+30
"SRSC DR1 00029" 0.6648547056894556 4.9700205218150147e+30
"SRSC DR1 00029" 0.4625076213491865 4.9700205218150147e+30
"SRSC DR1 00029" 0.308338414232791 4.9700205218150147e+30
"SRSC DR1 00029" 0.3276095651223404 4.9700205218150147e+30
"SRSC DR1 00029" 0.13489805622684606 4.9700205218150147e+30
"SRSC DR1 00029" 0.33724514056711513 4.9700205218150147e+30
"SRSC DR1 00029" 0.2023470843402691 4.9700205218150147e+30
"SRSC DR1 00029" 0.443236470459637 4.9700205218150147e+30
"SRSC DR1 00029" 0.35651629145666464 4.9700205218150147e+30
"SRSC DR1 00029" 0.4336008950148623 4.9700205218150147e+30
"SRSC DR1 00029" 0.2601605370089174 4.9700205218150147e+30
"SRSC DR1 00029" 0.5877701021312578 4.9700205218150147e+30
"SRSC DR1 00029" 0.28906726334324157 4.9700205218150147e+30
"SRSC DR1 00029" 0.3179739896775657 4.9700205218150147e+30
"SRSC DR1 00029" 0.2023470843402691 4.9700205218150147e+30
"SRSC DR1 00029" 0.21198265978504383 4.9700205218150147e+30
"SRSC DR1 00029" 0.2023470843402691 4.9700205218150147e+30
"SRSC DR1 00029" 0.2987028387880163 4.9700205218150147e+30
"SRSC DR1 00029" 0.2216182352298185 4.9700205218150147e+30
"SRSC DR1 00029" 0.443236470459637 4.9700205218150147e+30
"SRSC DR1 00232" 0.002459490530504219 8.463155281639563e+27
"SRSC DR1 00232" 0.004850661879605543 8.463155281639563e+27
"SRSC DR1 00232" 0.0013663836280578994 8.463155281639563e+27
"SRSC DR1 00232" 0.00271910341983522 8.463155281639563e+27
"SRSC DR1 00232" 0.002555137384468272 8.463155281639563e+27
"SRSC DR1 00232" 0.002377507512820745 8.463155281639563e+27
"SRSC DR1 00232" 0.0016396603536694794 8.463155281639563e+27
"SRSC DR1 00232" 0.009018131945182136 8.463155281639563e+27
"SRSC DR1 00232" 0.002869405618921589 8.463155281639563e+27
"SRSC DR1 00232" 0.002869405618921589 8.463155281639563e+27
"SRSC DR1 00242" 0.0024066097411309926 2.513813748206528e+28
"SRSC DR1 00195" 0.03413228777100726 4.424312545752553e+28
"SRSC DR1 00087" 0.018344206659125395 8.468748223275274e+28
"SRSC DR1 00051" 0.007298937324286746 4.962494427478423e+28
"SRSC DR1 00051" 0.00029736411321168226 4.962494427478423e+28
"SRSC DR1 00051" 0.0031628728405242563 4.962494427478423e+28
"SRSC DR1 00051" 0.009948181241990825 4.962494427478423e+28
"SRSC DR1 00048" 0.019840328611514656 3.1737221124349026e+29
"SRSC DR1 00048" 0.015376254673923857 3.1737221124349026e+29
"SRSC DR1 00009" 0.012962565885256667 3.0481963518752496e+28
"SRSC DR1 00009" 0.011728035800946505 3.0481963518752496e+28
"SRSC DR1 00288" 0.06680531715288945 1.2462894002023049e+30
"SRSC DR1 00287" 0.0068441887967285765 3.841647169509681e+28
"SRSC DR1 00287" 0.00977741256675511 3.841647169509681e+28
"SRSC DR1 00013" 0.47248523747570237 4.100184119789577e+29
"SRSC DR1 00013" 0.16600832668065219 4.100184119789577e+29
"SRSC DR1 00013" 0.24518152863604012 4.100184119789577e+29
"SRSC DR1 00013" 0.14046858411439803 4.100184119789577e+29
"SRSC DR1 00013" 0.21708781181316053 4.100184119789577e+29
"SRSC DR1 00013" 0.40863588106006693 4.100184119789577e+29
"SRSC DR1 00013" 0.21708781181316053 4.100184119789577e+29
"SRSC DR1 00013" 0.19154806924690634 4.100184119789577e+29
"SRSC DR1 00013" 0.2553974256625418 4.100184119789577e+29
"SRSC DR1 00013" 0.2426275543794147 4.100184119789577e+29
"SRSC DR1 00013" 0.17877819796377925 4.100184119789577e+29
"SRSC DR1 00013" 0.20431794053003347 4.100184119789577e+29
"SRSC DR1 00013" 0.17877819796377925 4.100184119789577e+29
"SRSC DR1 00013" 0.30647691079505013 4.100184119789577e+29
"SRSC DR1 00013" 0.37032626721068557 4.100184119789577e+29
"SRSC DR1 00043" 0.008617402272909797 3.081588980387115e+28
"SRSC DR1 00043" 0.0023200698427064837 3.081588980387115e+28
"SRSC DR1 00031" 0.4729282666982405 1.4924110946818486e+30
"SRSC DR1 00031" 0.08937227087210844 1.4924110946818486e+30
"SRSC DR1 00031" 0.07820073701309489 1.4924110946818486e+30
"SRSC DR1 00031" 0.09309611549177964 1.4924110946818486e+30
"SRSC DR1 00031" 0.1765102349724142 1.4924110946818486e+30
"SRSC DR1 00031" 0.07075304777375252 1.4924110946818486e+30
"SRSC DR1 00031" 0.04468613543605422 1.4924110946818486e+30
"SRSC DR1 00031" 0.055857669295067774 1.4924110946818486e+30
"SRSC DR1 00031" 0.08192458163276609 1.4924110946818486e+30
"SRSC DR1 00031" 0.07447689239342371 1.4924110946818486e+30
"SRSC DR1 00031" 0.06702920315408134 1.4924110946818486e+30
"SRSC DR1 00031" 0.055857669295067774 1.4924110946818486e+30
"SRSC DR1 00031" 0.07820073701309489 1.4924110946818486e+30
"SRSC DR1 00031" 0.052133824675396595 1.4924110946818486e+30
"SRSC DR1 00031" 0.04096229081638304 1.4924110946818486e+30
"SRSC DR1 00031" 0.2941837249540237 1.4924110946818486e+30
"SRSC DR1 00031" 0.06702920315408134 1.4924110946818486e+30
"SRSC DR1 00031" 0.04468613543605422 1.4924110946818486e+30
"SRSC DR1 00031" 0.052133824675396595 1.4924110946818486e+30
"SRSC DR1 00211" 0.021188273166059975 2.4564365274350695e+28
"SRSC DR1 00211" 0.0019710021549823233 2.4564365274350695e+28
"SRSC DR1 00211" 0.004927505387455808 2.4564365274350695e+28
"SRSC DR1 00012" 0.06399803957063863 7.402244215865394e+29
"SRSC DR1 00012" 0.014932875899815679 7.402244215865394e+29
"SRSC DR1 00121" 0.1209447221870578 1.1984932041419378e+30
"SRSC DR1 00121" 0.11164128201882259 1.1984932041419378e+30
"SRSC DR1 00121" 0.1550573361372536 1.1984932041419378e+30
"SRSC DR1 00121" 0.1674619230282339 1.1984932041419378e+30
"SRSC DR1 00121" 0.13645045580078316 1.1984932041419378e+30
"SRSC DR1 00121" 0.1457538959690184 1.1984932041419378e+30
"SRSC DR1 00121" 0.1550573361372536 1.1984932041419378e+30
"SRSC DR1 00121" 0.09613554840509723 1.1984932041419378e+30
"SRSC DR1 00121" 0.13955160252352825 1.1984932041419378e+30
"SRSC DR1 00121" 0.0992366951278423 1.1984932041419378e+30
"SRSC DR1 00121" 0.13645045580078316 1.1984932041419378e+30
"SRSC DR1 00121" 0.12714701563254793 1.1984932041419378e+30
"SRSC DR1 00121" 0.10854013529607752 1.1984932041419378e+30
"SRSC DR1 00121" 0.12714701563254793 1.1984932041419378e+30
"SRSC DR1 00121" 0.13334930907803808 1.1984932041419378e+30
"SRSC DR1 00121" 0.0775286680686268 1.1984932041419378e+30
"SRSC DR1 00121" 0.10854013529607752 1.1984932041419378e+30
"SRSC DR1 00121" 0.13024816235529305 1.1984932041419378e+30
"SRSC DR1 00121" 0.1550573361372536 1.1984932041419378e+30
"SRSC DR1 00179" 1.684937236354388 1.7389108096249479e+30
"SRSC DR1 00159" 0.20436418253391817 8.07936513210657e+29
"SRSC DR1 00005" 0.06627563714011493 1.7562339167697147e+30
"SRSC DR1 00005" 0.06627563714011493 1.7562339167697147e+30
"SRSC DR1 00005" 0.0917662668093899 1.7562339167697147e+30
"SRSC DR1 00178" 0.002377081955044435 2.9873721234790488e+28
"SRSC DR1 00178" 0.0005119868826249554 2.9873721234790488e+28
"SRSC DR1 00178" 0.0016456721227230706 2.9873721234790488e+28
"SRSC DR1 00178" 0.0031084917873658003 2.9873721234790488e+28
"SRSC DR1 00178" 0.00599756062503519 2.9873721234790488e+28
"SRSC DR1 00026" 0.05315938586331654 9.083514584965286e+29
"SRSC DR1 00026" 0.016160453302448228 9.083514584965286e+29
"SRSC DR1 00026" 0.006379126303597985 9.083514584965286e+29
"SRSC DR1 00026" 0.019775291541153754 9.083514584965286e+29
"SRSC DR1 00026" 0.0276428806489246 9.083514584965286e+29
"SRSC DR1 00026" 0.03827475782158791 9.083514584965286e+29
"SRSC DR1 00026" 0.01701100347626129 9.083514584965286e+29
"SRSC DR1 00026" 0.033384094322162786 9.083514584965286e+29
"SRSC DR1 00026" 0.0021263754345326614 9.083514584965286e+29
"SRSC DR1 00026" 0.03487255712633565 9.083514584965286e+29
"SRSC DR1 00026" 0.036998932560868315 9.083514584965286e+29
"SRSC DR1 00026" 0.048906634994251214 9.083514584965286e+29
"SRSC DR1 00026" 0.07654951564317582 9.083514584965286e+29
"SRSC DR1 00026" 0.03614838238705524 9.083514584965286e+29
"SRSC DR1 00026" 0.0276428806489246 9.083514584965286e+29
"SRSC DR1 00026" 0.04040113325612057 9.083514584965286e+29
"SRSC DR1 00026" 0.04465388412518589 9.083514584965286e+29
"SRSC DR1 00026" 0.07017038933957782 9.083514584965286e+29
"SRSC DR1 00026" 0.061664887601447185 9.083514584965286e+29
"SRSC DR1 00026" 0.02551650521439194 9.083514584965286e+29
"SRSC DR1 00000" 15.03090167038561 3.599083204875647e+31
"SRSC DR1 00000" 6.441815001593834 3.599083204875647e+31
"SRSC DR1 00000" 3.9724525843161973 3.599083204875647e+31
"SRSC DR1 00000" 8.589086668791778 3.599083204875647e+31
"SRSC DR1 00000" 9.662722502390752 3.599083204875647e+31
"SRSC DR1 00000" 9.125904585591265 3.599083204875647e+31
"SRSC DR1 00000" 9.125904585591265 3.599083204875647e+31
"SRSC DR1 00000" 8.052268751992292 3.599083204875647e+31
"SRSC DR1 00000" 8.589086668791778 3.599083204875647e+31
"SRSC DR1 00000" 8.052268751992292 3.599083204875647e+31
"SRSC DR1 00000" 7.515450835192805 3.599083204875647e+31
"SRSC DR1 00093" 0.14479768609138147 3.32007453013269e+30
"SRSC DR1 00093" 0.6274566397293196 3.32007453013269e+30
"SRSC DR1 00093" 0.16548306981872166 3.32007453013269e+30
"SRSC DR1 00093" 0.16548306981872166 3.32007453013269e+30
"SRSC DR1 00093" 0.8136250932753815 3.32007453013269e+30
"SRSC DR1 00093" 0.34475639545567016 3.32007453013269e+30
"SRSC DR1 00093" 0.20685383727340206 3.32007453013269e+30
"SRSC DR1 00093" 0.2827002442736495 3.32007453013269e+30
"SRSC DR1 00093" 0.24132947681896907 3.32007453013269e+30
"SRSC DR1 00093" 0.4137076745468041 3.32007453013269e+30
"SRSC DR1 00093" 0.393022290819464 3.32007453013269e+30
"SRSC DR1 00093" 0.18616845354606187 3.32007453013269e+30
"SRSC DR1 00093" 0.5860858722746392 3.32007453013269e+30
"SRSC DR1 00093" 0.2137489651825155 3.32007453013269e+30
"SRSC DR1 00093" 0.393022290819464 3.32007453013269e+30
"SRSC DR1 00038" 0.8726575427378896 5.830304113464481e+30
"SRSC DR1 00038" 0.13599857808902174 5.830304113464481e+30
"SRSC DR1 00038" 0.23799751165578806 5.830304113464481e+30
"SRSC DR1 00038" 0.5666607420375906 5.830304113464481e+30
"SRSC DR1 00038" 0.2719971561780435 5.830304113464481e+30
"SRSC DR1 00038" 0.7933250388526268 5.830304113464481e+30
"SRSC DR1 00038" 0.906657187260145 5.830304113464481e+30
"SRSC DR1 00038" 0.906657187260145 5.830304113464481e+30
"SRSC DR1 00038" 0.3966625194263134 5.830304113464481e+30
"SRSC DR1 00038" 0.2833303710187953 5.830304113464481e+30
"SRSC DR1 00038" 0.5099946678338316 5.830304113464481e+30
"SRSC DR1 00038" 0.7933250388526268 5.830304113464481e+30
"SRSC DR1 00038" 0.906657187260145 5.830304113464481e+30
"SRSC DR1 00038" 0.7706586091711233 5.830304113464481e+30
"SRSC DR1 00038" 0.4646618084708243 5.830304113464481e+30
"SRSC DR1 00038" 1.3599857808902176 5.830304113464481e+30
"SRSC DR1 00038" 0.6913261052858605 5.830304113464481e+30
"SRSC DR1 00038" 0.2833303710187953 5.830304113464481e+30
