Figure9_Xray_Radio_phasespace/data/stars.ecsv
# %ECSV 1.0
# ---
# datatype:
# - {name: Name, datatype: string}
# - {name: radio, unit: kpc2 mJy, datatype: float64}
# - {name: xray, unit: erg / s, datatype: float64}
# meta: !!omap
# - {comments: 'Both the radio and X-ray luminosities have a factor of 4pi in them, the luminosities quoted are flux times 4pi distance^2'}
# schema: astropy-2.0
Name radio xray
[from data line 272]
"SRSC DR1 00770" 1.2318305429164955 4.551285197155313e+31
"SRSC DR1 00588" 3.7992923787030564 1.1141563861745064e+32
"SRSC DR1 00588" 10.13144634320815 1.1141563861745064e+32
"SRSC DR1 00536" 0.9543429631990865 1.0603194499878466e+31
"SRSC DR1 00536" 0.9543429631990865 1.0603194499878466e+31
"SRSC DR1 00541" 1.74465822959833 1.1976911844262991e+31
"SRSC DR1 00645" 0.03299934511219824 1.6012320135168797e+30
"SRSC DR1 00485" 1.2770625501049488 2.1052109999585296e+31
"SRSC DR1 00152" 0.1880314923171702 1.3176174468067825e+29
"SRSC DR1 00524" 0.025674935453891712 8.4562616703844e+29
"SRSC DR1 00514" 0.0011100296282743729 4.217900060709973e+28
"SRSC DR1 00175" 0.2058263626771073 3.9351955553612425e+29
"SRSC DR1 00175" 0.2147753349674163 3.9351955553612425e+29
"SRSC DR1 00175" 0.2505712241286524 3.9351955553612425e+29
"SRSC DR1 00175" 0.17003047351587125 3.9351955553612425e+29
"SRSC DR1 00599" 1.8525697478513072 8.003683674147962e+30
"SRSC DR1 00782" 1.1693152007240681 8.536716201854406e+30
"SRSC DR1 00452" 0.005114419998278802 3.096334283895106e+29
"SRSC DR1 00452" 0.008423750585400378 3.096334283895106e+29
"SRSC DR1 00795" 0.005998983465501456 2.5178766577072014e+29
"SRSC DR1 00334" 1.2671202938974415 7.884962361559367e+30
"SRSC DR1 00344" 0.016629711508889276 1.6256742910890362e+29
"SRSC DR1 00581" 1.1156223911895575 1.9302516145142224e+31
"SRSC DR1 00648" 0.7671542757766351 2.0517226999157817e+30
"SRSC DR1 00648" 0.5993392779504961 2.0517226999157817e+30
"SRSC DR1 00648" 0.5513921357144564 2.0517226999157817e+30
"SRSC DR1 00648" 0.311656424534258 2.0517226999157817e+30
"SRSC DR1 00648" 0.38357713788831754 2.0517226999157817e+30
"SRSC DR1 00503" 0.017725542074929147 1.0804978500805051e+30
"SRSC DR1 00503" 0.024815758904900807 1.0804978500805051e+30
"SRSC DR1 00503" 0.025997461709896082 1.0804978500805051e+30
"SRSC DR1 00503" 0.030724272929877186 1.0804978500805051e+30
"SRSC DR1 00432" 1.7475039235436276 1.6464475485092127e+31
"SRSC DR1 00432" 2.2647650849125416 1.6464475485092127e+31
"SRSC DR1 00670" 0.005915665262238898 1.8066443644376676e+30
"SRSC DR1 00670" 0.012454032131029259 1.8066443644376676e+30
"SRSC DR1 00345" 0.039422245475979195 4.558874911110573e+29
"SRSC DR1 00317" 0.5792907957398561 4.828342235306636e+30
"SRSC DR1 00317" 0.19271150889549438 4.828342235306636e+30
"SRSC DR1 00662" 0.5753700974958987 1.1261004974572469e+31
"SRSC DR1 00695" 0.4551312108375236 5.325762947244381e+30
"SRSC DR1 00712" 0.001943979675037193 5.56641802586636e+28
"SRSC DR1 00537" 2.668478608421083 1.539604861632712e+32
"SRSC DR1 00478" 0.017597735397723194 1.7987049432181408e+30
"SRSC DR1 00478" 0.04493038824950602 1.7987049432181408e+30
"SRSC DR1 00763" 0.6818867517128092 1.3321110382094172e+32
"SRSC DR1 00426" 0.10435740302582013 4.1953004909717384e+29
"SRSC DR1 00627" 0.05580244103685995 6.618060412660622e+29
"SRSC DR1 00827" 0.9945683113857678 8.170540605813116e+31
"SRSC DR1 00804" 0.001212404581771268 5.585259365704437e+28
"SRSC DR1 00430" 1.2963980159696682 7.015578103491347e+30
"SRSC DR1 00430" 4.558762253959273 7.015578103491347e+30
"SRSC DR1 00430" 2.9916877291607733 7.015578103491347e+30
"SRSC DR1 00385" 0.0879655491896995 2.4455509932012976e+30
"SRSC DR1 00385" 0.016551412544903985 2.4455509932012976e+30
"SRSC DR1 00385" 0.020833945860718305 2.4455509932012976e+30
"SRSC DR1 00385" 0.03634366111258637 2.4455509932012976e+30
"SRSC DR1 00385" 0.018519062987305157 2.4455509932012976e+30
"SRSC DR1 00385" 0.0752336933859272 2.4455509932012976e+30
"SRSC DR1 00496" 1.99788792969719 2.4264155988745258e+30
"SRSC DR1 00714" 1.1922050043138865 1.997258390968326e+31
"SRSC DR1 00395" 0.9025608343892418 2.1569237407910287e+31
"SRSC DR1 00395" 0.11282010429865523 2.1569237407910287e+31
"SRSC DR1 00395" 1.402192724854715 2.1569237407910287e+31
"SRSC DR1 00323" 0.18656054775706998 7.483671137703938e+30
"SRSC DR1 00323" 0.14324575878970638 7.483671137703938e+30
"SRSC DR1 00465" 0.9669414138472742 1.5318212775964117e+31
"SRSC DR1 00465" 0.676858989693092 1.5318212775964117e+31
"SRSC DR1 00465" 1.6115690230787902 1.5318212775964117e+31
"SRSC DR1 00465" 1.2892552184630321 1.5318212775964117e+31
"SRSC DR1 00465" 0.3115700111285661 1.5318212775964117e+31
"SRSC DR1 00415" 0.17339818706350274 5.450138037226018e+29
"SRSC DR1 00772" 0.09903768512359924 5.428616813694518e+30
"SRSC DR1 00791" 0.022173774243551134 2.3664048186672607e+30
"SRSC DR1 00741" 0.03497044567885777 5.977857135224755e+29
"SRSC DR1 00741" 0.19428025377143204 5.977857135224755e+29
"SRSC DR1 00741" 0.14247218609905019 5.977857135224755e+29
"SRSC DR1 00275" 0.16430852307598698 4.086131922490105e+29
"SRSC DR1 00275" 0.1780008999989859 4.086131922490105e+29
"SRSC DR1 00779" 0.16336281798666927 8.411846556019128e+29
"SRSC DR1 00779" 0.17592918860102844 8.411846556019128e+29
"SRSC DR1 00779" 0.26389378290154264 8.411846556019128e+29
"SRSC DR1 00596" 0.19089538693687982 1.2522013619000415e+30
"SRSC DR1 00620" 0.2678896085443784 9.35942402030471e+29
"SRSC DR1 00620" 0.15758212267316374 9.35942402030471e+29
"SRSC DR1 00620" 0.20485675947511287 9.35942402030471e+29
"SRSC DR1 00620" 0.3309224576136439 9.35942402030471e+29
"SRSC DR1 00751" 0.2335937151010735 1.4216332245436744e+30
"SRSC DR1 00349" 0.4529401172995665 1.3085584235821053e+31
"SRSC DR1 00349" 0.6114691583544148 1.3085584235821053e+31
"SRSC DR1 00349" 0.535979138804487 1.3085584235821053e+31
"SRSC DR1 00396" 6.556150508979298 3.196969308321832e+29
"SRSC DR1 00396" 5.227470576931402 3.196969308321832e+29
"SRSC DR1 00396" 5.24242757429029 3.196969308321832e+29
"SRSC DR1 00396" 5.982798943555252 3.196969308321832e+29
"SRSC DR1 00396" 6.381652206458937 3.196969308321832e+29
"SRSC DR1 00396" 5.185092417747886 3.196969308321832e+29
"SRSC DR1 00396" 5.526610524109165 3.196969308321832e+29
"SRSC DR1 00396" 6.855290456157061 3.196969308321832e+29
"SRSC DR1 00396" 7.279072047992224 3.196969308321832e+29
"SRSC DR1 00396" 7.129502074403343 3.196969308321832e+29
"SRSC DR1 00396" 6.8054337982941 3.196969308321832e+29
"SRSC DR1 00396" 7.129502074403343 3.196969308321832e+29
"SRSC DR1 00396" 7.004860429745942 3.196969308321832e+29
"SRSC DR1 00396" 6.157297246075615 3.196969308321832e+29
"SRSC DR1 00396" 7.079645416540382 3.196969308321832e+29
"SRSC DR1 00396" 6.8054337982941 3.196969308321832e+29
"SRSC DR1 00396" 6.83036212722558 3.196969308321832e+29
"SRSC DR1 00396" 7.428642021581105 3.196969308321832e+29
"SRSC DR1 00396" 6.75557714043114 3.196969308321832e+29
"SRSC DR1 00396" 7.179358732266303 3.196969308321832e+29
"SRSC DR1 00396" 6.979932100814461 3.196969308321832e+29
"SRSC DR1 00396" 6.979932100814461 3.196969308321832e+29
"SRSC DR1 00396" 6.979932100814461 3.196969308321832e+29
"SRSC DR1 00396" 7.154430403334823 3.196969308321832e+29
"SRSC DR1 00396" 6.955003771882981 3.196969308321832e+29
"SRSC DR1 00396" 6.855290456157061 3.196969308321832e+29
"SRSC DR1 00396" 6.481365522184857 3.196969308321832e+29
"SRSC DR1 00396" 7.004860429745942 3.196969308321832e+29
"SRSC DR1 00396" 7.079645416540382 3.196969308321832e+29
"SRSC DR1 00396" 7.179358732266303 3.196969308321832e+29
"SRSC DR1 00396" 6.955003771882981 3.196969308321832e+29
"SRSC DR1 00396" 6.83036212722558 3.196969308321832e+29
"SRSC DR1 00396" 6.880218785088541 3.196969308321832e+29
"SRSC DR1 00396" 6.481365522184857 3.196969308321832e+29
"SRSC DR1 00396" 7.054717087608902 3.196969308321832e+29
"SRSC DR1 00396" 6.83036212722558 3.196969308321832e+29
"SRSC DR1 00396" 7.179358732266303 3.196969308321832e+29
"SRSC DR1 00396" 6.481365522184857 3.196969308321832e+29
"SRSC DR1 00396" 6.930075442951502 3.196969308321832e+29
"SRSC DR1 00396" 6.930075442951502 3.196969308321832e+29
"SRSC DR1 00396" 7.054717087608902 3.196969308321832e+29
"SRSC DR1 00392" 0.5943794633600973 1.539746761210822e+31
"SRSC DR1 00548" 60.55223935490531 2.3351876159534935e+32
"SRSC DR1 00544" 6.742466243028216 3.2831455338597865e+31
"SRSC DR1 00622" 0.0607164716147784 8.461459501467569e+30
"SRSC DR1 00492" 0.04966768223406746 5.895804304755399e+29
"SRSC DR1 00461" 0.38169585665450373 3.8881395510278655e+30
"SRSC DR1 00461" 0.7184863184084777 3.8881395510278655e+30
"SRSC DR1 00461" 0.3592431592042388 3.8881395510278655e+30
"SRSC DR1 00461" 0.2739229088932321 3.8881395510278655e+30
"SRSC DR1 00848" 0.0 1.4790356493468446e+30
"SRSC DR1 00716" 0.006497425698230399 3.4754755444765196e+28
"SRSC DR1 00459" 0.009015022495367278 5.6597793757726805e+29
"SRSC DR1 00459" 0.0024869027573426977 5.6597793757726805e+29
"SRSC DR1 00459" 0.00217603991267486 5.6597793757726805e+29
"SRSC DR1 00459" 0.004538597532150423 5.6597793757726805e+29
"SRSC DR1 00459" 0.005906394048688906 5.6597793757726805e+29
"SRSC DR1 00459" 0.00870415965069944 5.6597793757726805e+29
"SRSC DR1 00459" 0.005595531204021069 5.6597793757726805e+29
"SRSC DR1 00459" 0.005906394048688906 5.6597793757726805e+29
"SRSC DR1 00459" 0.008393296806031604 5.6597793757726805e+29
"SRSC DR1 00459" 0.00435207982534972 5.6597793757726805e+29
"SRSC DR1 00459" 0.009015022495367278 5.6597793757726805e+29
"SRSC DR1 00459" 0.007149845427360255 5.6597793757726805e+29
"SRSC DR1 00459" 0.004662942670017558 5.6597793757726805e+29
"SRSC DR1 00459" 0.007149845427360255 5.6597793757726805e+29
"SRSC DR1 00459" 0.008393296806031604 5.6597793757726805e+29
"SRSC DR1 00459" 0.005284668359353231 5.6597793757726805e+29
"SRSC DR1 00459" 0.005284668359353231 5.6597793757726805e+29
"SRSC DR1 00459" 0.006838982582692419 5.6597793757726805e+29
"SRSC DR1 00459" 0.0077715711166959295 5.6597793757726805e+29
"SRSC DR1 00459" 0.006838982582692419 5.6597793757726805e+29
"SRSC DR1 00459" 0.009015022495367278 5.6597793757726805e+29
"SRSC DR1 00459" 0.006217256893356744 5.6597793757726805e+29
"SRSC DR1 00533" 0.268718540318416 7.967843485120022e+30
"SRSC DR1 00533" 0.235128722778614 7.967843485120022e+30
"SRSC DR1 00533" 0.151154178929109 7.967843485120022e+30
"SRSC DR1 00533" 0.251923631548515 7.967843485120022e+30
"SRSC DR1 00533" 0.35269308416792106 7.967843485120022e+30
"SRSC DR1 00573" 0.2894370036888925 2.731630482247642e+30
"SRSC DR1 00776" 0.010958563110479025 3.7008600630139834e+29
"SRSC DR1 00557" 2.3261364458066875 3.1130178168737168e+31
"SRSC DR1 00681" 0.2535579982200969 5.0436218428342556e+29
"SRSC DR1 00219" 0.36473819470248847 6.477061418268794e+30
"SRSC DR1 00686" 0.2778503933953886 1.350017775958105e+30
"SRSC DR1 00491" 0.27906632602804515 6.899046607734642e+29
"SRSC DR1 00491" 0.3488329075350564 6.899046607734642e+29
"SRSC DR1 00490" 1.269170116334723 4.2663340791986265e+30
"SRSC DR1 00616" 1.0084641249315198 4.497145912847496e+31
"SRSC DR1 00616" 2.319467487342495 4.497145912847496e+31
"SRSC DR1 00207" 0.44070261391995547 7.827019778002613e+29
"SRSC DR1 00207" 0.4113224396586251 7.827019778002613e+29
"SRSC DR1 00267" 0.2904227875318566 1.4478561771383823e+30
"SRSC DR1 00673" 1.0778918035059577 1.8715292029057927e+30
"SRSC DR1 00252" 0.09574225639104782 7.748528784849934e+29
"SRSC DR1 00464" 0.6522337689113759 3.038169650353421e+29
"SRSC DR1 00464" 0.3614462136050542 3.038169650353421e+29
"SRSC DR1 00562" 0.3032222712817477 1.1590230316282317e+30
"SRSC DR1 00562" 0.2332479009859598 1.1590230316282317e+30
"SRSC DR1 00468" 0.3777662057989086 6.0826111700618445e+29
"SRSC DR1 00818" 1.3763697608848962 7.519024441891574e+30
"SRSC DR1 00818" 1.4910672409586376 7.519024441891574e+30
"SRSC DR1 00818" 1.7204622011061201 7.519024441891574e+30
"SRSC DR1 00818" 1.8351596811798618 7.519024441891574e+30
"SRSC DR1 00818" 1.8351596811798618 7.519024441891574e+30
"SRSC DR1 00603" 0.19271190293980764 1.1677972790344911e+30
"SRSC DR1 00603" 0.19271190293980764 1.1677972790344911e+30
"SRSC DR1 00646" 0.029680295172372497 1.3621315294806852e+30
"SRSC DR1 00463" 0.13510630031978793 1.0616537297582619e+30
"SRSC DR1 00217" 0.23834230674110388 1.4536556055543343e+30
"SRSC DR1 00217" 0.2166748243100944 1.4536556055543343e+30
"SRSC DR1 00217" 0.09967041918264344 1.4536556055543343e+30
"SRSC DR1 00217" 0.32501223646514166 1.4536556055543343e+30
"SRSC DR1 00217" 0.18417360066358024 1.4536556055543343e+30
"SRSC DR1 00217" 0.22750856552559914 1.4536556055543343e+30
"SRSC DR1 00217" 0.24917604795660858 1.4536556055543343e+30
"SRSC DR1 00217" 0.26000978917211326 1.4536556055543343e+30
"SRSC DR1 00217" 0.3683472013271605 1.4536556055543343e+30
"SRSC DR1 00217" 0.23834230674110388 1.4536556055543343e+30
"SRSC DR1 00217" 0.2816772716031227 1.4536556055543343e+30
"SRSC DR1 00217" 0.24917604795660858 1.4536556055543343e+30
"SRSC DR1 00576" 0.07981172665776518 2.3495506249736134e+30
"SRSC DR1 00811" 0.0225055181141318 1.3478293523034305e+30
"SRSC DR1 00678" 0.16411544114253382 5.99770094867241e+30
"SRSC DR1 00590" 0.1332880990269922 6.922421744070526e+28
"SRSC DR1 00590" 0.07056428772017236 6.922421744070526e+28
"SRSC DR1 00450" 0.0944774007686925 4.404046756378084e+28
"SRSC DR1 00450" 0.08215426153799349 4.404046756378084e+28
"SRSC DR1 00665" 0.0604871511403202 3.221082337432282e+30
"SRSC DR1 00665" 0.034825935505032844 3.221082337432282e+30
"SRSC DR1 00442" 0.1286999339063762 1.4691679112085848e+30
"SRSC DR1 00442" 0.04798980586339452 1.4691679112085848e+30
"SRSC DR1 00513" 0.10151160532861399 3.0165335704349965e+29
"SRSC DR1 00552" 0.10660529087666194 1.9232260811473175e+30
"SRSC DR1 00505" 0.09973310011396169 8.045453031461506e+29
"SRSC DR1 00505" 0.2137137859584893 8.045453031461506e+29
"SRSC DR1 00674" 0.04623337716787223 5.918643979440499e+29
"SRSC DR1 00214" 0.13479116474851807 1.8719006938881906e+30
"SRSC DR1 00567" 0.022689280275926284 1.0276228268175557e+30
"SRSC DR1 00567" 0.13962634015954636 1.0276228268175557e+30
"SRSC DR1 00794" 0.6914445358193678 1.066412450861312e+31
"SRSC DR1 00794" 0.6914445358193678 1.066412450861312e+31
"SRSC DR1 00846" 0.011845009533753578 6.380448599976052e+29
"SRSC DR1 00601" 1.1673575555847924 6.286287117292259e+30
"SRSC DR1 00412" 1.8942812846320642 3.3915955246037177e+31
"SRSC DR1 00412" 7.020762803181777 3.3915955246037177e+31
"SRSC DR1 00412" 6.093492244270975 3.3915955246037177e+31
"SRSC DR1 00412" 1.1922050043138865 3.3915955246037177e+31
"SRSC DR1 00412" 6.755828357778691 3.3915955246037177e+31
"SRSC DR1 00412" 3.974016681046289 3.3915955246037177e+31
"SRSC DR1 00412" 3.974016681046289 3.3915955246037177e+31
"SRSC DR1 00412" 5.563623353464805 3.3915955246037177e+31
"SRSC DR1 00812" 0.021725996368202376 5.1827727731198905e+29
"SRSC DR1 00687" 0.03744304969676418 1.9344052132602496e+29
"SRSC DR1 00270" 0.00426952587163759 2.2599104552837444e+28
"SRSC DR1 00699" 0.29033832547353683 1.1319408370914893e+30
"SRSC DR1 00819" 0.028210219746520597 1.0082788760060601e+30
"SRSC DR1 00707" 0.027314898087002184 1.3127675477661528e+30
"SRSC DR1 00244" 0.144359901323959 2.3513000948644005e+30
"SRSC DR1 00244" 0.06496195559578156 2.3513000948644005e+30
"SRSC DR1 00847" 0.007106861693928818 8.635310457117088e+29
"SRSC DR1 00251" 0.1153936695533441 8.712948199986389e+29
"SRSC DR1 00251" 0.10257215071408365 8.712948199986389e+29
"SRSC DR1 00688" 0.0807755686873409 5.125321611358225e+30
"SRSC DR1 00614" 0.006012645927864933 6.787611451445685e+28
"SRSC DR1 00551" 1.9102842243466909 7.24901436105067e+30
"SRSC DR1 00653" 0.006741611691940241 1.6044665937584336e+28
"SRSC DR1 00821" 0.3926438661550463 1.1134640748646196e+31
"SRSC DR1 00821" 0.373011672847294 1.1134640748646196e+31
"SRSC DR1 00652" 2.1999178275199003 2.506034580849386e+31
"SRSC DR1 00652" 1.4959441227135322 2.506034580849386e+31
"SRSC DR1 00652" 1.8479309751167161 2.506034580849386e+31
"SRSC DR1 00652" 1.2319539834111441 2.506034580849386e+31
"SRSC DR1 00519" 2.1312178101123593 6.043214552544694e+30
"SRSC DR1 00842" 1.4146885236229396 3.810205042006168e+30
"SRSC DR1 00842" 1.3531803269436815 3.810205042006168e+30
"SRSC DR1 00522" 0.2115227745432657 4.9783969137392086e+30
"SRSC DR1 00726" 0.032210267522181056 5.392089527138457e+30
"SRSC DR1 00498" 0.10430947119960796 7.243448204386109e+30
"SRSC DR1 00498" 0.17068822559935848 7.243448204386109e+30
"SRSC DR1 00574" 0.011006475571038064 1.0960876337272854e+29
