Figure9_Xray_Radio_phasespace/data/stars.ecsv
# %ECSV 1.0
# ---
# datatype:
# - {name: Name, datatype: string}
# - {name: radio, unit: kpc2 mJy, datatype: float64}
# - {name: xray, unit: erg / s, datatype: float64}
# meta: !!omap
# - {comments: 'Both the radio and X-ray luminosities have a factor of 4pi in them, the luminosities quoted are flux times 4pi distance^2'}
# schema: astropy-2.0
Name radio xray
[from data line 1087]
"SRSC DR1 00038" 0.44199537878932066 5.830304113464481e+30
"SRSC DR1 00038" 0.2719971561780435 5.830304113464481e+30
"SRSC DR1 00038" 0.23799751165578806 5.830304113464481e+30
"SRSC DR1 00038" 0.38532930458556164 5.830304113464481e+30
"SRSC DR1 00038" 0.22666429681503625 5.830304113464481e+30
"SRSC DR1 00038" 0.3173300155410507 5.830304113464481e+30
"SRSC DR1 00038" 0.7026593201266125 5.830304113464481e+30
"SRSC DR1 00038" 0.4759950233115761 5.830304113464481e+30
"SRSC DR1 00092" 0.003012577455027484 6.19177472246682e+28
"SRSC DR1 00066" 0.5360157237354695 2.369836966039372e+29
"SRSC DR1 00066" 0.33456014971408504 2.369836966039372e+29
"SRSC DR1 00066" 0.3057807819967444 2.369836966039372e+29
"SRSC DR1 00066" 0.3237678868200823 2.369836966039372e+29
"SRSC DR1 00066" 0.22663752077405758 2.369836966039372e+29
"SRSC DR1 00066" 0.2136868053012543 2.369836966039372e+29
"SRSC DR1 00066" 0.1647618801817752 2.369836966039372e+29
"SRSC DR1 00066" 0.2374297836680603 2.369836966039372e+29
"SRSC DR1 00066" 0.24462462559739548 2.369836966039372e+29
"SRSC DR1 00066" 0.20505299498605212 2.369836966039372e+29
"SRSC DR1 00066" 0.2734039933147361 2.369836966039372e+29
"SRSC DR1 00066" 0.2482220465620631 2.369836966039372e+29
"SRSC DR1 00066" 0.2554168884913982 2.369836966039372e+29
"SRSC DR1 00066" 0.20865041595071968 2.369836966039372e+29
"SRSC DR1 00066" 0.2302349417387252 2.369836966039372e+29
"SRSC DR1 00066" 0.2877936771734065 2.369836966039372e+29
"SRSC DR1 00066" 0.2194426788447224 2.369836966039372e+29
"SRSC DR1 00066" 0.1834684691980466 2.369836966039372e+29
"SRSC DR1 00066" 0.2122478369153873 2.369836966039372e+29
"SRSC DR1 00066" 0.20505299498605212 2.369836966039372e+29
"SRSC DR1 00066" 0.17987104823337902 2.369836966039372e+29
"SRSC DR1 00066" 0.20865041595071968 2.369836966039372e+29
"SRSC DR1 00066" 0.18706589016271422 2.369836966039372e+29
"SRSC DR1 00066" 0.23383236270339275 2.369836966039372e+29
"SRSC DR1 00066" 0.2014555740213845 2.369836966039372e+29
"SRSC DR1 00066" 0.19785815305671692 2.369836966039372e+29
"SRSC DR1 00066" 0.22304009980939002 2.369836966039372e+29
"SRSC DR1 00066" 0.1834684691980466 2.369836966039372e+29
"SRSC DR1 00066" 0.2194426788447224 2.369836966039372e+29
"SRSC DR1 00066" 0.20505299498605212 2.369836966039372e+29
"SRSC DR1 00066" 0.19138279532031532 2.369836966039372e+29
"SRSC DR1 00066" 0.1942607320920494 2.369836966039372e+29
"SRSC DR1 00066" 0.17627362726871146 2.369836966039372e+29
"SRSC DR1 00097" 0.022424428397417134 5.6704767040699904e+29
"SRSC DR1 00097" 0.008409160649031426 5.6704767040699904e+29
"SRSC DR1 00097" 0.002180152760859999 5.6704767040699904e+29
"SRSC DR1 00097" 0.002491603155268571 5.6704767040699904e+29
"SRSC DR1 00097" 0.009032061437848567 5.6704767040699904e+29
"SRSC DR1 00097" 0.004547175758365141 5.6704767040699904e+29
"SRSC DR1 00097" 0.005917557493762855 5.6704767040699904e+29
"SRSC DR1 00097" 0.008720611043439996 5.6704767040699904e+29
"SRSC DR1 00097" 0.005606107099354283 5.6704767040699904e+29
"SRSC DR1 00097" 0.005917557493762855 5.6704767040699904e+29
"SRSC DR1 00097" 0.004360305521719998 5.6704767040699904e+29
"SRSC DR1 00097" 0.009032061437848567 5.6704767040699904e+29
"SRSC DR1 00097" 0.00716335907139714 5.6704767040699904e+29
"SRSC DR1 00097" 0.004671755916128569 5.6704767040699904e+29
"SRSC DR1 00097" 0.00716335907139714 5.6704767040699904e+29
"SRSC DR1 00097" 0.007786259860214283 5.6704767040699904e+29
"SRSC DR1 00097" 0.008409160649031426 5.6704767040699904e+29
"SRSC DR1 00097" 0.005294656704945713 5.6704767040699904e+29
"SRSC DR1 00097" 0.005294656704945713 5.6704767040699904e+29
"SRSC DR1 00097" 0.006851908676988569 5.6704767040699904e+29
"SRSC DR1 00097" 0.007786259860214283 5.6704767040699904e+29
"SRSC DR1 00097" 0.006851908676988569 5.6704767040699904e+29
"SRSC DR1 00097" 0.00716335907139714 5.6704767040699904e+29
"SRSC DR1 00097" 0.009032061437848567 5.6704767040699904e+29
"SRSC DR1 00097" 0.006229007888171426 5.6704767040699904e+29
"SRSC DR1 00030" 0.2848544453862706 3.036457311782891e+30
"SRSC DR1 00148" 2.5157746504031455 8.262804665888584e+29
"SRSC DR1 00148" 2.439539054936384 8.262804665888584e+29
"SRSC DR1 00148" 1.3493700397616872 8.262804665888584e+29
"SRSC DR1 00007" 0.343743178252065 1.2496614893071022e+30
"SRSC DR1 00007" 0.1649967255609912 1.2496614893071022e+30
"SRSC DR1 00007" 0.15124699843090864 1.2496614893071022e+30
"SRSC DR1 00007" 0.1787464526910738 1.2496614893071022e+30
"SRSC DR1 00007" 0.206245906951239 1.2496614893071022e+30
"SRSC DR1 00007" 0.21999563408132164 1.2496614893071022e+30
"SRSC DR1 00226" 0.2820734144637301 8.833496962350029e+29
"SRSC DR1 00226" 0.023078733910668815 8.833496962350029e+29
"SRSC DR1 00198" 0.6609302191635275 3.7312602616587915e+29
"SRSC DR1 00198" 0.5583121061881376 3.7312602616587915e+29
"SRSC DR1 00198" 0.16697184484131217 3.7312602616587915e+29
"SRSC DR1 00198" 0.20871480605164025 3.7312602616587915e+29
"SRSC DR1 00198" 0.17392900504303355 3.7312602616587915e+29
"SRSC DR1 00198" 0.20871480605164025 3.7312602616587915e+29
"SRSC DR1 00185" 0.5454153912482281 1.739564683000353e+30
"SRSC DR1 00138" 0.36353813025075316 7.425265631179755e+29
"SRSC DR1 00138" 0.17311339535750148 7.425265631179755e+29
"SRSC DR1 00016" 0.005897968966421125 2.3342223669698975e+28
"SRSC DR1 00004" 0.5603316266807005 2.0143656168877053e+30
"SRSC DR1 00003" 0.021298245649982454 1.6748759634682701e+28
"SRSC DR1 00003" 0.01318462825951295 1.6748759634682701e+28
"SRSC DR1 00003" 0.03853968260473016 1.6748759634682701e+28
"SRSC DR1 00003" 0.016024394346177275 1.6748759634682701e+28
"SRSC DR1 00003" 0.05770810368971437 1.6748759634682701e+28
"SRSC DR1 00003" 0.036511278257112784 1.6748759634682701e+28
"SRSC DR1 00003" 0.022312447823791146 1.6748759634682701e+28
"SRSC DR1 00003" 0.01318462825951295 1.6748759634682701e+28
"SRSC DR1 00003" 0.01217042608570426 1.6748759634682701e+28
"SRSC DR1 00161" 0.013255631912796212 3.969045252855425e+27
"SRSC DR1 00161" 0.028404925527420456 3.969045252855425e+27
"SRSC DR1 00189" 0.010142021738086883 2.57927267699172e+29
"SRSC DR1 00189" 0.007606516303565162 2.57927267699172e+29
"SRSC DR1 00189" 0.020284043476173765 2.57927267699172e+29
"SRSC DR1 00189" 0.025557894779978947 2.57927267699172e+29
"SRSC DR1 00189" 0.014198830433321635 2.57927267699172e+29
"SRSC DR1 00189" 0.010142021738086883 2.57927267699172e+29
"SRSC DR1 00189" 0.009127819564278196 2.57927267699172e+29
"SRSC DR1 00189" 0.009127819564278196 2.57927267699172e+29
"SRSC DR1 00189" 0.010142021738086883 2.57927267699172e+29
"SRSC DR1 00189" 0.01217042608570426 2.57927267699172e+29
"SRSC DR1 00189" 0.011156223911895573 2.57927267699172e+29
"SRSC DR1 00189" 0.009127819564278196 2.57927267699172e+29
"SRSC DR1 00189" 0.014198830433321635 2.57927267699172e+29
"SRSC DR1 00189" 0.015213032607130325 2.57927267699172e+29
"SRSC DR1 00189" 0.01318462825951295 2.57927267699172e+29
"SRSC DR1 00189" 0.01318462825951295 2.57927267699172e+29
"SRSC DR1 00189" 0.00791077695570777 2.57927267699172e+29
"SRSC DR1 00189" 0.017241436954747703 2.57927267699172e+29
"SRSC DR1 00189" 0.02332664999759983 2.57927267699172e+29
"SRSC DR1 00189" 0.03144026738806934 2.57927267699172e+29
"SRSC DR1 00189" 0.02434085217140852 2.57927267699172e+29
"SRSC DR1 00189" 0.020284043476173765 2.57927267699172e+29
"SRSC DR1 00402" 0.004706493760771199 1.4817648459446454e+28
"SRSC DR1 00402" 0.007395918766926169 1.4817648459446454e+28
"SRSC DR1 00456" 0.005430069761919323 1.7342122850395035e+29
"SRSC DR1 00456" 0.003715310889734273 1.7342122850395035e+29
"SRSC DR1 00306" 0.005414983028307601 2.4915756117200835e+29
"SRSC DR1 00306" 0.002057693550756888 2.4915756117200835e+29
"SRSC DR1 00114" 0.05991998615512655 2.2962970658297652e+29
"SRSC DR1 00114" 0.045728410486807106 2.2962970658297652e+29
"SRSC DR1 00114" 0.050458935709580266 2.2962970658297652e+29
"SRSC DR1 00580" 0.04619926288962535 7.446826167161524e+30
"SRSC DR1 00580" 0.042777095268171625 7.446826167161524e+30
"SRSC DR1 00580" 0.18137488393704768 7.446826167161524e+30
"SRSC DR1 00580" 0.02583736554197566 7.446826167161524e+30
