Figure9_Xray_Radio_phasespace/data/stars.ecsv
# %ECSV 1.0
# ---
# datatype:
# - {name: Name, datatype: string}
# - {name: radio, unit: kpc2 mJy, datatype: float64}
# - {name: xray, unit: erg / s, datatype: float64}
# meta: !!omap
# - {comments: 'Both the radio and X-ray luminosities have a factor of 4pi in them, the luminosities quoted are flux times 4pi distance^2'}
# schema: astropy-2.0
Name radio xray
[from data line 545]
"SRSC DR1 00550" 0.3077478517802247 5.562505480024753e+29
"SRSC DR1 00483" 0.42389511264493757 6.01800037533632e+30
"SRSC DR1 00483" 0.3815056013804438 6.01800037533632e+30
"SRSC DR1 00471" 0.3101005957963506 2.8801336138130145e+30
"SRSC DR1 00471" 0.282738778520202 2.8801336138130145e+30
"SRSC DR1 00471" 0.328341807313783 2.8801336138130145e+30
"SRSC DR1 00406" 0.0013320369149776594 2.8948248932887996e+28
"SRSC DR1 00406" 0.0007124848614996781 2.8948248932887996e+28
"SRSC DR1 00239" 0.9669414138472742 1.9416344857576846e+31
"SRSC DR1 00604" 0.7581354406482292 1.133605996185189e+31
"SRSC DR1 00604" 1.3095066702105775 1.133605996185189e+31
"SRSC DR1 00493" 0.14580761080702556 3.0237599927840437e+30
"SRSC DR1 00391" 4.073582409322729 1.0813081735373524e+31
"SRSC DR1 00391" 0.7458672017069785 1.0813081735373524e+31
"SRSC DR1 00391" 2.696596806171384 1.0813081735373524e+31
"SRSC DR1 00391" 0.8606160019695905 1.0813081735373524e+31
"SRSC DR1 00391" 0.5737440013130604 1.0813081735373524e+31
"SRSC DR1 00283" 0.36323189427561486 4.170255538267883e+30
"SRSC DR1 00283" 0.8426979947194265 4.170255538267883e+30
"SRSC DR1 00283" 0.3487026185045903 4.170255538267883e+30
"SRSC DR1 00283" 0.5666417550699592 4.170255538267883e+30
"SRSC DR1 00283" 0.20340986079434434 4.170255538267883e+30
"SRSC DR1 00730" 0.008946785861010782 2.0075814437075297e+29
"SRSC DR1 00730" 0.018788250308122645 2.0075814437075297e+29
"SRSC DR1 00730" 0.01416574427993374 2.0075814437075297e+29
"SRSC DR1 00602" 1.1422531047012507 2.0454272496125434e+31
"SRSC DR1 00602" 1.9037551745020846 2.0454272496125434e+31
"SRSC DR1 00602" 4.378636901354795 2.0454272496125434e+31
"SRSC DR1 00602" 3.4267593141037525 2.0454272496125434e+31
"SRSC DR1 00602" 1.0153360930677784 2.0454272496125434e+31
"SRSC DR1 00602" 1.3326286221514594 2.0454272496125434e+31
"SRSC DR1 00602" 0.8884190814343061 2.0454272496125434e+31
"SRSC DR1 00602" 1.8212591169403278 2.0454272496125434e+31
"SRSC DR1 00602" 1.2057116105179868 2.0454272496125434e+31
"SRSC DR1 00602" 1.1422531047012507 2.0454272496125434e+31
"SRSC DR1 00602" 0.5711265523506254 2.0454272496125434e+31
"SRSC DR1 00602" 0.3807510349004169 2.0454272496125434e+31
"SRSC DR1 00602" 0.4442095407171531 2.0454272496125434e+31
"SRSC DR1 00602" 0.6345850581673615 2.0454272496125434e+31
"SRSC DR1 00602" 0.8884190814343061 2.0454272496125434e+31
"SRSC DR1 00602" 1.3326286221514594 2.0454272496125434e+31
"SRSC DR1 00602" 1.0153360930677784 2.0454272496125434e+31
"SRSC DR1 00602" 0.5076680465338892 2.0454272496125434e+31
"SRSC DR1 00602" 0.5076680465338892 2.0454272496125434e+31
"SRSC DR1 00602" 0.82496057561757 2.0454272496125434e+31
"SRSC DR1 00338" 0.008339080059108316 1.3991972865598877e+29
"SRSC DR1 00509" 0.04687963923998712 7.030334049849998e+29
"SRSC DR1 00509" 0.0191595047328643 7.030334049849998e+29
"SRSC DR1 00784" 0.05386818678994844 2.606378738115215e+29
"SRSC DR1 00684" 0.01292836482958763 2.158315478942844e+29
"SRSC DR1 00684" 0.007661253232348225 2.158315478942844e+29
"SRSC DR1 00254" 2.2568642522884974 1.2631686074583742e+31
"SRSC DR1 00254" 1.0080660326888622 1.2631686074583742e+31
"SRSC DR1 00343" 0.11300656310940642 1.6248859735064866e+31
"SRSC DR1 00343" 0.7506573145173567 1.6248859735064866e+31
"SRSC DR1 00355" 0.03721332131228353 3.5523335116911484e+30
"SRSC DR1 00355" 0.043089108887907256 3.5523335116911484e+30
"SRSC DR1 00380" 0.3719645701850316 1.0939826152469809e+31
"SRSC DR1 00380" 0.7539822368615505 1.0939826152469809e+31
"SRSC DR1 00380" 0.7037167544041137 1.0939826152469809e+31
"SRSC DR1 00380" 0.1859822850925158 1.0939826152469809e+31
"SRSC DR1 00380" 0.9047786842338607 1.0939826152469809e+31
"SRSC DR1 00318" 0.006671941573154679 7.050071915226055e+29
"SRSC DR1 00318" 0.007241906431162868 7.050071915226055e+29
"SRSC DR1 00350" 0.019801553695353847 1.2272153274300159e+30
"SRSC DR1 00350" 0.032310227474936344 1.2272153274300159e+30
"SRSC DR1 00350" 0.05215793863811153 1.2272153274300159e+30
"SRSC DR1 00324" 0.11181015520588676 4.583949641539957e+29
"SRSC DR1 00328" 0.022931257155409397 7.655390513755572e+28
"SRSC DR1 00339" 0.45852147734885745 4.455208054624548e+30
"SRSC DR1 00339" 1.2445582956611847 4.455208054624548e+30
"SRSC DR1 00339" 0.41135926825011787 4.455208054624548e+30
"SRSC DR1 00817" 0.009714017694636016 2.023568002527356e+29
"SRSC DR1 00817" 0.015542428311417627 2.023568002527356e+29
"SRSC DR1 00546" 0.008604925674969358 6.989614862846098e+28
"SRSC DR1 00546" 0.003129063881807039 6.989614862846098e+28
"SRSC DR1 00546" 0.006258127763614078 6.989614862846098e+28
"SRSC DR1 00546" 0.004693595822710559 6.989614862846098e+28
"SRSC DR1 00639" 0.3849976252958337 9.263767973348391e+30
"SRSC DR1 00639" 1.7324893138312514 9.263767973348391e+30
"SRSC DR1 00639" 0.48124703161979204 9.263767973348391e+30
"SRSC DR1 00639" 1.0587434695635425 9.263767973348391e+30
"SRSC DR1 00639" 2.05973729533271 9.263767973348391e+30
"SRSC DR1 00639" 1.2512422822114595 9.263767973348391e+30
"SRSC DR1 00639" 0.14437410948593762 9.263767973348391e+30
"SRSC DR1 00639" 1.0587434695635425 9.263767973348391e+30
"SRSC DR1 00639" 0.8662446569156257 9.263767973348391e+30
"SRSC DR1 00639" 1.5399905011833348 9.263767973348391e+30
"SRSC DR1 00721" 1.2464164465740109 6.415108711950116e+31
"SRSC DR1 00754" 0.004500590574243876 1.2537557011437163e+28
"SRSC DR1 00755" 0.004425214532442264 1.2327577586338502e+28
"SRSC DR1 00798" 0.03785411688088136 1.230671574357832e+29
"SRSC DR1 00218" 0.21578071305684804 8.94070951340998e+29
"SRSC DR1 00708" 0.0032634272717345495 4.142801871707225e+28
"SRSC DR1 00521" 0.07016467953207789 1.0405730600252542e+30
"SRSC DR1 00521" 0.025259284631548043 1.0405730600252542e+30
"SRSC DR1 00609" 0.6179270573698555 6.45539575009697e+30
"SRSC DR1 00609" 0.9783845075022712 6.45539575009697e+30
"SRSC DR1 00417" 0.14543849327987926 8.060002341831858e+28
"SRSC DR1 00417" 0.08241514619193158 8.060002341831858e+28
"SRSC DR1 00734" 0.050797348209517305 4.78165456502433e+30
"SRSC DR1 00449" 0.005602083442082812 5.047942374541341e+28
"SRSC DR1 00523" 7.134370599470227 8.14798055241648e+31
"SRSC DR1 00523" 3.5671852997351134 8.14798055241648e+31
"SRSC DR1 00305" 0.0630819278572299 1.2879521923440415e+30
"SRSC DR1 00305" 0.018473993158188755 1.2879521923440415e+30
"SRSC DR1 00255" 16.73523791686359 1.5365575695936727e+32
"SRSC DR1 00255" 22.413265067228018 1.5365575695936727e+32
"SRSC DR1 00255" 11.505476067843716 1.5365575695936727e+32
"SRSC DR1 00255" 11.953741369188277 1.5365575695936727e+32
"SRSC DR1 00255" 10.579061111731626 1.5365575695936727e+32
"SRSC DR1 00255" 13.447959040336812 1.5365575695936727e+32
"SRSC DR1 00255" 11.804319602073424 1.5365575695936727e+32
"SRSC DR1 00255" 14.64333317725564 1.5365575695936727e+32
"SRSC DR1 00255" 13.447959040336812 1.5365575695936727e+32
"SRSC DR1 00255" 12.402006670532838 1.5365575695936727e+32
"SRSC DR1 00255" 12.700850204762546 1.5365575695936727e+32
"SRSC DR1 00255" 11.804319602073424 1.5365575695936727e+32
"SRSC DR1 00255" 12.402006670532838 1.5365575695936727e+32
"SRSC DR1 00255" 13.597380807451664 1.5365575695936727e+32
"SRSC DR1 00255" 11.356054300728863 1.5365575695936727e+32
"SRSC DR1 00255" 11.356054300728863 1.5365575695936727e+32
"SRSC DR1 00255" 12.99969373899225 1.5365575695936727e+32
"SRSC DR1 00255" 12.402006670532838 1.5365575695936727e+32
"SRSC DR1 00255" 12.99969373899225 1.5365575695936727e+32
"SRSC DR1 00255" 10.459523698039742 1.5365575695936727e+32
"SRSC DR1 00255" 12.103163136303131 1.5365575695936727e+32
"SRSC DR1 00255" 12.700850204762546 1.5365575695936727e+32
"SRSC DR1 00255" 13.447959040336812 1.5365575695936727e+32
"SRSC DR1 00255" 12.252584903417983 1.5365575695936727e+32
"SRSC DR1 00255" 12.551428437647692 1.5365575695936727e+32
"SRSC DR1 00255" 12.103163136303131 1.5365575695936727e+32
"SRSC DR1 00255" 12.402006670532838 1.5365575695936727e+32
"SRSC DR1 00255" 9.861836629580328 1.5365575695936727e+32
"SRSC DR1 00255" 13.298537273221958 1.5365575695936727e+32
"SRSC DR1 00255" 14.045646108796227 1.5365575695936727e+32
"SRSC DR1 00255" 11.65489783495857 1.5365575695936727e+32
"SRSC DR1 00404" 0.33134920229906073 7.073038638258281e+30
"SRSC DR1 00404" 0.14747912472270333 7.073038638258281e+30
"SRSC DR1 00404" 0.5554408593452463 7.073038638258281e+30
"SRSC DR1 00404" 0.44052206086002293 7.073038638258281e+30
"SRSC DR1 00404" 0.33901045553140896 7.073038638258281e+30
"SRSC DR1 00404" 0.5554408593452463 7.073038638258281e+30
"SRSC DR1 00404" 0.7086659239922108 7.073038638258281e+30
"SRSC DR1 00711" 0.0008378071923125605 3.59199817196193e+29
"SRSC DR1 00711" 0.003770132365406522 3.59199817196193e+29
"SRSC DR1 00711" 0.001675614384625121 3.59199817196193e+29
"SRSC DR1 00370" 0.002954239161571924 7.88656057539183e+28
"SRSC DR1 00370" 0.00136349499764858 7.88656057539183e+28
"SRSC DR1 00370" 0.0037723361601610717 7.88656057539183e+28
"SRSC DR1 00347" 0.006530823301212051 2.7563413415064485e+29
"SRSC DR1 00342" 0.000888621848426402 2.4078339079530832e+29
"SRSC DR1 00342" 0.004220953780025409 2.4078339079530832e+29
"SRSC DR1 00342" 0.0033323319315990076 2.4078339079530832e+29
"SRSC DR1 00342" 0.0017328126044314838 2.4078339079530832e+29
"SRSC DR1 00303" 0.03420227159518573 1.0197780229000006e+29
"SRSC DR1 00303" 0.026221741556309054 1.0197780229000006e+29
"SRSC DR1 00303" 0.006840454319037145 1.0197780229000006e+29
"SRSC DR1 00303" 0.04446295307374144 1.0197780229000006e+29
"SRSC DR1 00303" 0.04560302879358097 1.0197780229000006e+29
"SRSC DR1 00303" 0.014820984357913815 1.0197780229000006e+29
"SRSC DR1 00188" 0.8414980322115521 1.1118588893025921e+30
"SRSC DR1 00188" 5.289416202472612 1.1118588893025921e+30
"SRSC DR1 00188" 4.808560184066011 1.1118588893025921e+30
"SRSC DR1 00188" 0.7212840276099017 1.1118588893025921e+30
"SRSC DR1 00188" 1.6429247295558873 1.1118588893025921e+30
"SRSC DR1 00188" 1.6829960644231041 1.1118588893025921e+30
"SRSC DR1 00188" 1.2822827157509367 1.1118588893025921e+30
"SRSC DR1 00188" 2.9252074453068238 1.1118588893025921e+30
"SRSC DR1 00188" 0.881569367078769 1.1118588893025921e+30
"SRSC DR1 00188" 2.3642087571657893 1.1118588893025921e+30
"SRSC DR1 00188" 4.047204821588893 1.1118588893025921e+30
"SRSC DR1 00188" 6.050771564949732 1.1118588893025921e+30
"SRSC DR1 00188" 1.4826393900870203 1.1118588893025921e+30
"SRSC DR1 00188" 1.2021400460165028 1.1118588893025921e+30
"SRSC DR1 00188" 5.008916858402095 1.1118588893025921e+30
"SRSC DR1 00188" 1.9234240736264046 1.1118588893025921e+30
"SRSC DR1 00188" 5.970628895215298 1.1118588893025921e+30
"SRSC DR1 00188" 1.5627820598214537 1.1118588893025921e+30
"SRSC DR1 00188" 8.495122991849954 1.1118588893025921e+30
"SRSC DR1 00188" 1.6829960644231041 1.1118588893025921e+30
"SRSC DR1 00188" 1.6028533946886705 1.1118588893025921e+30
"SRSC DR1 00188" 3.0053501150412574 1.1118588893025921e+30
"SRSC DR1 00188" 2.1237807479624884 1.1118588893025921e+30
"SRSC DR1 00188" 2.7248507709707397 1.1118588893025921e+30
"SRSC DR1 00188" 2.243994752564139 1.1118588893025921e+30
"SRSC DR1 00188" 1.2822827157509367 1.1118588893025921e+30
"SRSC DR1 00188" 15.347321254144019 1.1118588893025921e+30
"SRSC DR1 00188" 2.3642087571657893 1.1118588893025921e+30
"SRSC DR1 00188" 4.287632830792193 1.1118588893025921e+30
"SRSC DR1 00188" 4.247561495924977 1.1118588893025921e+30
"SRSC DR1 00184" 3.8079910952603564 5.260195164875315e+30
"SRSC DR1 00272" 0.5708822107354307 1.2931017084891119e+31
"SRSC DR1 00272" 0.25898558828485396 1.2931017084891119e+31
"SRSC DR1 00145" 0.33358107962261063 7.900861396885654e+29
"SRSC DR1 00145" 0.11958567005338873 7.900861396885654e+29
"SRSC DR1 00071" 0.27810867652000243 9.042029253501812e+28
"SRSC DR1 00036" 0.05334374028575463 3.594921343812794e+29
"SRSC DR1 00177" 0.01189967167592912 3.4049285557870413e+28
"SRSC DR1 00102" 0.12272123444544752 3.205325959300258e+29
"SRSC DR1 00084" 0.22814565260286548 1.2497164403334592e+30
"SRSC DR1 00149" 2.7082371027461964 6.6485894557376205e+28
"SRSC DR1 00149" 0.5190787780263543 6.6485894557376205e+28
"SRSC DR1 00149" 0.5266016588673159 6.6485894557376205e+28
"SRSC DR1 00149" 0.3761440420480829 6.6485894557376205e+28
"SRSC DR1 00149" 0.26330082943365796 6.6485894557376205e+28
"SRSC DR1 00078" 0.38650890009563005 6.958728724079404e+29
"SRSC DR1 00078" 0.38650890009563005 6.958728724079404e+29
"SRSC DR1 00078" 0.6441815001593834 6.958728724079404e+29
"SRSC DR1 00143" 0.19233580344440304 1.3234952868587573e+29
"SRSC DR1 00049" 0.783222545216292 1.5806663583075703e+30
"SRSC DR1 00025" 0.3388580291165256 1.3402403803386402e+30
"SRSC DR1 00025" 0.08969771358966853 1.3402403803386402e+30
"SRSC DR1 00025" 0.3388580291165256 1.3402403803386402e+30
"SRSC DR1 00025" 0.5581191067801597 1.3402403803386402e+30
"SRSC DR1 00054" 0.22160649845635358 1.0723867708657535e+28
"SRSC DR1 00054" 0.10130582786576164 1.0723867708657535e+28
"SRSC DR1 00054" 0.33240974768453047 1.0723867708657535e+28
"SRSC DR1 00054" 0.28492264087245467 1.0723867708657535e+28
"SRSC DR1 00163" 0.5377671055321197 4.2545509405682114e+28
"SRSC DR1 00163" 1.222197967118454 4.2545509405682114e+28
"SRSC DR1 00019" 0.4419224430473869 6.194581967709074e+28
"SRSC DR1 00062" 2.8689491821273054 1.2604328596680305e+31
"SRSC DR1 00062" 0.3498718514789397 1.2604328596680305e+31
"SRSC DR1 00065" 0.2207787045025717 4.33464214374157e+28
"SRSC DR1 00065" 0.16190438330188592 4.33464214374157e+28
"SRSC DR1 00065" 0.111861210281303 4.33464214374157e+28
"SRSC DR1 00154" 0.2676654432795223 3.0364005688189524e+28
"SRSC DR1 00154" 0.2676654432795223 3.0364005688189524e+28
"SRSC DR1 00154" 0.11241948617739936 3.0364005688189524e+28
"SRSC DR1 00154" 0.14721599380373726 3.0364005688189524e+28
"SRSC DR1 00181" 0.6235675399374828 2.9965408806370837e+29
"SRSC DR1 00181" 0.23754953902380294 2.9965408806370837e+29
"SRSC DR1 00181" 0.34147746234671666 2.9965408806370837e+29
"SRSC DR1 00181" 0.3563243085357044 2.9965408806370837e+29
"SRSC DR1 00181" 0.19300900045683989 2.9965408806370837e+29
"SRSC DR1 00181" 0.20785584664582757 2.9965408806370837e+29
"SRSC DR1 00181" 0.26724323140177836 2.9965408806370837e+29
"SRSC DR1 00169" 1.1615566129305075 3.1152236852546193e+29
"SRSC DR1 00169" 0.38718553764350255 3.1152236852546193e+29
"SRSC DR1 00169" 0.6511756769458906 3.1152236852546193e+29
"SRSC DR1 00169" 0.2287914540620697 3.1152236852546193e+29
"SRSC DR1 00137" 0.390877393166085 3.1449276763604974e+29
"SRSC DR1 00137" 1.154865025263433 3.1449276763604974e+29
"SRSC DR1 00137" 0.6573847066884158 3.1449276763604974e+29
"SRSC DR1 00137" 0.2309730050526866 3.1449276763604974e+29
"SRSC DR1 00136" 0.2888800397285772 3.772407207877122e+29
"SRSC DR1 00079" 0.2616636497808256 1.13096442360114e+30
"SRSC DR1 00262" 0.021115514579893593 1.4157727143141873e+29
"SRSC DR1 00262" 0.04223102915978719 1.4157727143141873e+29
"SRSC DR1 00565" 0.37550625939363014 4.438087085493793e+31
"SRSC DR1 00565" 0.6544537663717553 4.438087085493793e+31
"SRSC DR1 00067" 0.0034326645399194934 2.5828893609086546e+28
"SRSC DR1 00002" 0.018340561954354843 1.1213023901049432e+28
"SRSC DR1 00002" 0.021314707136142117 1.1213023901049432e+28
"SRSC DR1 00125" 0.29979144793398493 3.3144380415315576e+29
"SRSC DR1 00020" 0.07808992078363015 4.662797643365418e+29
"SRSC DR1 00095" 0.8739340493655358 8.337348334294624e+30
"SRSC DR1 00095" 0.11536364786145303 8.337348334294624e+30
"SRSC DR1 00095" 0.20460722450899219 8.337348334294624e+30
"SRSC DR1 00095" 0.7280969850878499 8.337348334294624e+30
"SRSC DR1 00095" 0.243787331329863 8.337348334294624e+30
"SRSC DR1 00095" 0.38527105040522996 8.337348334294624e+30
"SRSC DR1 00095" 0.2285506231217466 8.337348334294624e+30
"SRSC DR1 00095" 0.1116633044394819 8.337348334294624e+30
"SRSC DR1 00095" 0.3243242175727642 8.337348334294624e+30
"SRSC DR1 00095" 0.3188825360698655 8.337348334294624e+30
"SRSC DR1 00095" 0.3994194223127667 8.337348334294624e+30
"SRSC DR1 00095" 0.08597856774579991 8.337348334294624e+30
"SRSC DR1 00095" 0.1095954654683804 8.337348334294624e+30
